896
898
903
906
914
3488
3656
3658
3832
3984
4079
4126
4151
4156
4169
4300
4328
4417
4441
4575
4577
4578
4581
4583
4584
4587
4590
4591
4593
4601
4602
4606
4607
4609
4611
4613
4616
4621
4624
4630
4638
4643
4644
4646
4647
4653
4654
5311
5316
5317
5500
5623
5627
5630
5633
5635
5639
5642
5644
5646
5647
5650
5651
5652
5653
5654
5662
5669
5671
5672
5674
5675
5677
5682
5684
5685
5687
5693
5787
5805
5807
5808
5809
5813
5821
6127
6129
6130
6131
6133
6134
6453
6544
6545
6546
6547
6548
6549
6550
6551
6552
6578
6579
6580
6586
6587
6595
6597
6598
6599
6600
6601
6607
6612
6613
6615
6617
6620
6622
6624
6626
6627
6628
6630
6633
6634
6635
6636
6637
6638
6640
6642
6643
6644
6646
6647
6653
6655
6656
6657
6660
6661
6662
6663
6665
6666
6667
6669
6671
6672
6678
6680
6681
6682
6686
6687
6688
6691
6693
6694
6696
6697
6698
6701
6702
6704
6705
6706
6708
6710
6711
6713
6716
6718
6722
6726
6728
6729
6730
6731
6732
6737
6741
6742
6743
6745
6749
6753
6754
6756
6757
6759
6760
6761
6762
6763
6766
6791
6793
6794
6795
6796
6797
6798
6799
6800
6801
6802
6803
6854
6855
6856
6857
6858
6859
6860
6861
6862
6863
6865
6866
6867
6868
6869
6870
6871
6872
6873
6874
6875
6876
6877
6878
6879
6880
6881
6882
6883
6884
6885
6886
6887
6889
6890
6891
6892
6893
6894
6895
6896
6897
6898
6899
6900
6901
6902
6904
6905
6906
6907
6908
6909
6910
6911
6912
6913
6914
6915
6916
6917
6918
6919
6920
6921
6922
6923
6924
6925
6926
6927
6928
6929
6930
6931
6932
6933
7004
7005
7006
7007
7008
7009
7010
7011
7012
7013
7014
7015
7016
7017
7018
7019
7020
7021
7022
7023
7024
7025
7026
7027
7028
7029
7030
7031
7032
7033
7034
7035
7036
7037
7038
7039
7040
7055
7062
7066
7069
7071
7105
7138
7149
7154
7161
7165
7177
7184
7188
7209
7224
7233
7238
7248
7266
7275
7280
7292
7312
7322
7329
7333
7337
7357
7387
7395
7396
7398
7420
7424
7441
7454
7455
7566
7660
7670
7676
7720
7721
7722
7723
7725
7728
7731
9120
9155
9691
9723
9749
9879
9881
9911
9932
9944
9961
10420
10425
10441
10590
10595
10596
10597
10598
10600
10601
10602
10603
10604
10605
10606
10607
10608
10610
10611
10613
10614
10615
10616
10617
10618
10619
10620
10621
10622
10623
10624
10626
10627
10628
10630
10631
10632
10633
10634
10635
10637
10640
10641
10642
10643
10644
10645
10646
10647
10648
10649
10650
10652
10653
10654
10655
10656
10657
10658
10659
10661
10662
10663
10664
10665
10666
10667
10668
10669
10670
10671
10672
10673
10674
10675
10676
10677
10678
10679
10680
10681
10682
10683
10684
10685
10686
10687
10688
10689
10690
10691
10693
10695
10696
10697
10698
10699
10700
10701
10702
10703
10704
10705
10706
10707
10708
10709
10710
10711
10712
10713
10714
10715
10718
10719
10720
10721
10722
10723
10724
10725
10726
10727
10728
10729
10733
10734
10735
10736
10737
10739
10740
10741
10742
10743
10745
10746
10747
10748
10749
10750
10754
10755
10756
10757
10759
10760
10762
10764
10765
10768
10769
10770
10771
10774
10775
10777
10779
10781
10783
10785
11021
11022
11023
11024
11025
11029
11033
11034
11035
11036
11037
11039
11040
11042
11043
11044
11045
11046
11047
11048
11049
11050
11051
11056
11122
11123
11125
11136
11489
11491
11492
11493
11494
11495
11496
11497
11498
11499
11500
11501
11502
11503
11504
11505
11506
11507
11508
11509
11510
11511
11512
11513
11514
11515
11516
11517
11518
11519
11520
11521
11522
11523
11524
11525
11526
11527
11529
11530
11531
11532
11533
11534
11535
11536
11537
11538
11539
11540
11541
11542
11543
11544
11545
11546
11547
11548
11549
11550
11551
11552
11553
11554
11555
11556
11558
11559
11560
11561
11562
11563
11564
11565
11566
11567
11568
11569
11571
11572
11573
11574
11575
11576
11577
11578
11579
11580
11581
11582
11583
11584
11585
11586
11587
11588
11589
11590
11591
11592
11593
11594
11595
11596
11597
11598
11599
11600
11601
11602
11603
11604
11605
11606
11607
11608
11609
11610
11611
11612
11613
11614
11615
11616
11617
11618
11619
11620
11621
11622
11623
11624
11625
11626
11627
11628
11629
11630
11631
11632
11633
11634
11635
11636
11637
11638
11639
11640
11641
11642
11643
11644
11645
11646
11647
11648
11649
11650
11651
11652
11653
11654
11655
11656
11657
11658
11660
11661
11662
11663
11664
11665
11666
11667
11668
11670
11671
11672
11673
11674
11675
11676
11677
11678
11679
11680
11681
11682
11683
11684
11685
11686
11687
11688
11689
11690
11691
11692
11693
11694
11695
11696
11697
11698
11699
11700
11701
11702
11704
11705
11706
11707
11708
11709
11710
11711
11712
11713
11714
11715
11716
11717
11718
11719
11720
11721
11722
11723
11724
11725
11726
11727
11728
11730
11731
11732
11734
11735
11736
11737
11738
11739
11740
11741
11742
11745
11746
11747
11748
11749
11750
11751
11752
11753
11754
11755
11756
11757
11758
11759
11760
11761
11762
11763
11764
11765
11766
11767
11768
11770
11771
11772
11773
11774
11775
11778
11779
11780
11781
11782
11784
11785
11786
11787
11788
11789
11790
11791
11792
11793
11794
11795
11796
11797
11798
11799
11800
11801
11802
11803
11804
11806
11807
11808
11809
11810
11811
11812
11813
11814
11815
11816
11817
11818
11819
11820
11821
11822
11823
11824
11825
11826
11827
11828
11829
11830
11831
11832
11833
11834
11835
11836
11837
11838
11839
11840
11841
11842
11843
11844
11845
11846
11847
11848
11849
11850
11851
11852
11853
11854
11855
11856
11857
11858
11859
11860
11861
11862
11863
11864
11865
11866
11867
11868
11869
11870
11871
11872
11873
11874
11875
11876
11877
11878
11879
11880
11881
11882
11883
11884
11885
11886
11887
11888
11889
11890
11891
11892
11893
11894
11895
11896
11897
11898
11899
11900
11901
11902
11903
11904
11905
11906
11907
11908
11909
11910
11911
11912
11913
11914
11915
11916
11917
11918
11919
11920
11921
11922
11923
11924
11925
11926
11927
11928
11929
11934
11938
11939
11940
11943
11944
11945
11947
11948
11950
11951
11952
11953
11955
11956
11957
11959
11960
11966
11973
11979
11981
11988
11989
11990
11991
11992
11993
11994
11995
11996
11997
11998
11999
12000
12001
12002
12003
12004
12005
12006
12007
12008
12009
12010
12011
12012
12013
12014
12015
12016
12017
12018
12019
12020
12021
12022
12024
12025
12026
12027
12028
12029
12030
12031
12032
12033
12034
12036
12037
12038
12039
12040
12041
12042
12043
12044
12045
12046
12047
12048
12049
12050
12051
12052
12053
12054
12055
12056
12057
12058
12059
12060
12062
12063
12064
12065
12066
12067
12068
12069
12070
12071
12072
12073
12074
12075
12076
12077
12078
12079
12080
12081
12082
12083
12084
12085
12086
12087
12088
12089
12090
12091
12092
12093
12094
12095
12096
12097
12098
12099
12100
12101
12102
12103
12104
12105
12106
12107
12108
12109
12110
12111
12112
12113
12114
12115
12116
12117
12118
12119
12120
12121
12122
12123
12124
12125
12126
12127
12128
12130
12131
12132
12133
12134
12135
12136
12137
12138
12139
12140
12141
12142
12143
12144
12145
12146
12147
12148
12149
12150
12151
12152
12153
12154
12155
12156
12157
12158
12159
12160
12161
12162
12163
12164
12165
12166
12167
12168
12169
12170
12171
12172
12173
12174
12175
12176
12177
12178
12179
12180
12181
12182
12183
12184
12185
12186
12187
12188
12189
12190
12191
12192
12193
12195
12196
12197
12198
12201
12202
12203
12204
12205
12206
12207
12208
12209
12210
12211
12212
12213
12214
12215
12216
12217
12218
12219
12220
12221
12222
12223
12224
12226
12227
12228
12229
12230
12231
12232
12233
12234
12235
12236
12237
12238
12239
12240
12241
12242
12243
12245
12246
12247
12248
12249
12250
12251
12252
12253
12254
12255
12257
12259
12260
12261
12262
12263
12264
12265
12266
12267
12268
12269
12270
12271
12273
12275
12276
12277
12278
12279
12280
12281
12282
12283
12284
12285
12286
12287
12288
12290
12291
12292
12293
12294
12295
12296
12297
12298
12299
12300
12301
12303
12304
12306
12307
12308
12309
12310
12311
12312
12313
12314
12315
12316
12317
12318
12319
12320
12321
12322
12323
12324
12325
12326
12327
12328
12329
12330
12331
12332
12333
12334
12335
12336
12337
12338
12339
12340
12341
12342
12343
12344
12345
12346
12347
12348
12349
12350
12351
12352
12353
12354
12355
12356
12357
12358
12359
12360
12361
12362
12363
12364
12365
12366
12367
12368
12369
12370
12371
12372
12373
12374
12375
12376
12377
12378
12379
12380
12381
12382
12383
12384
12385
12386
12387
12388
12389
12390
12391
12392
12393
12394
12395
12396
12397
12398
12399
12401
12402
12403
12404
12405
12406
12408
12409
12410
12411
12412
12413
12414
12415
12416
12417
12418
12419
12420
12421
12423
12424
12425
12426
12427
12428
12429
12430
12431
12432
12436
12437
12442
12444
12447
12449
12450
12451
12452
12453
12454
12455
12456
12457
12459
12460
12461
12462
12464
12465
12466
12467
12468
12469
12471
12473
12474
12475
12476
12477
12478
12479
12480
12481
12482
12483
12484
12485
12486
12487
12488
12489
12490
12491
12493
12494
12495
12496
12497
12499
12501
12502
12503
12504
12505
12506
12507
12508
12510
12511
12512
12514
12515
12516
12517
12518
12520
12522
12523
12524
12526
12527
12528
12529
12530
12531
12533
12534
12536
12537
12538
12540
12541
12542
12543
12544
12546
12547
12548
12549
12550
12552
12553
12554
12555
12556
12557
12562
12563
12565
12567
12569
12572
12573
12574
12577
12578
12581
12582
12584
12585
12588
12589
12590
12592
12593
12595
12596
12597
12598
12599
12600
12603
12605
12606
12608
12609
12610
12612
12613
12614
12615
12617
12618
12619
12621
12624
12629
12632
12641
12642
12643
12644
12645
12646
12647
12648
12649
12650
12651
12652
12653
12654
12655
12656
12657
12658
12659
12660
12661
12662
12663
12664
12665
12666
12667
12668
12669
12670
12671
12672
12673
12674
12675
12676
12677
12678
12679
12680
12683
12684
12685
12686
12687
12688
12689
12695
12696
12697
12698
12699
12700
12702
12703
12704
12705
12706
12707
12709
12711
12712
12713
12714
12715
12716
12719
12720
12721
12722
12723
12724
12725
12726
12727
12730
12731
12732
12733
12734
12736
12739
12740
12741
12743
12744
12745
12747
12749
12751
12752
12753
12754
12755
12756
12757
12758
12759
12760
12761
12762
12763
12764
12765
12766
12767
12768
12769
12770
12771
12772
12773
12774
12775
12776
12777
12778
12779
12780
12782
12783
12785
12786
12787
12788
12789
12790
12791
12792
12794
12795
12796
12798
12799
12800
12801
12802
12803
12804
12805
12806
12807
12808
12809
12810
12811
12812
12813
12814
12815
12816
12817
12818
12819
12820
12822
12823
12824
12826
12827
12829
12832
12835
12836
12838
12840
12841
12843
12844
12845
12846
12848
12850
12852
12853
12854
12856
12858
12859
12860
12861
12862
12863
12864
12865
12866
12868
12869
12870
12871
12872
12873
12874
12877
12879
12880
12881
12882
12883
12884
12885
12886
12887
12889
12890
12892
12894
12895
12897
12899
12902
12904
12906
12907
12908
12910
12913
12914
12915
12916
12917
12919
12921
12923
12924
12925
13231
13312
13448
13528
13529
13530
13531
13532
13533
13534
13535
13536
13537
13538
13539
13540
13541
13542
13543
13544
13545
13546
13547
13548
13549
13550
13551
13552
13553
13555
13556
13557
13558
13559
13560
13561
13562
13563
13564
13565
13566
13567
13568
13569
13570
13571
13572
13573
13574
13575
13576
13577
13578
13579
13580
13581
13582
13583
13584
13585
13586
13587
13588
13589
13590
13591
13592
13593
13594
13595
13596
13597
13598
13599
13600
13601
13602
13603
13604
13605
13606
13607
13608
13609
13610
13611
13612
13613
13614
13615
13616
13617
13618
13619
13620
13621
13622
13623
13624
13625
13626
13627
13628
13629
13630
13631
13632
13633
13634
13635
13636
13637
13638
13639
13640
13641
13642
13643
13644
13645
13646
13647
13648
13649
13650
13651
13652
13653
13654
13655
13656
13657
13658
13659
13660
13661
13662
13663
13664
13665
13666
13667
13668
13669
13670
13671
13672
13673
13674
13675
13676
13677
13678
13679
13680
13681
13682
13683
13684
13685
13686
13687
13688
13689
13690
13691
13692
13693
13694
13695
13696
13697
13698
13699
13700
13701
13702
13703
13704
13706
13707
13708
13709
13710
13711
13712
13714
13715
13716
13717
13718
13719
13721
13722
13723
13724
13725
13726
13727
13728
13729
13730
13731
13732
13733
13734
13735
13736
13737
13738
13739
13740
13741
13742
13743
13744
13745
13746
13747
13749
13751
13752
13754
13755
14019
14121
14123
14194
14283
14473
14474
14476
14477
14478
14479
14480
14481
14482
14483
14484
14485
14486
14487
14489
14490
14491
14492
14493
14494
14497
14498
14500
14501
14502
14503
14505
14506
14507
14508
14511
14512
14513
14519
14520
14522
14523
14524
14525
14526
14527
14529
14532
14539
14541
14543
14544
14545
14546
14547
14549
14551
14552
14553
14555
14557
14558
14559
14560
14561
14562
14564
14565
14566
14568
14572
14573
14574
14575
14576
14577
14578
14579
14580
14581
14582
14583
14584
14585
14586
14587
14588
14589
14620
14626
16654
16655
16661
16778
16779
16781
16783
16784
16785
16786
16787
16788
16789
16790
16791
16792
16793
16794
16795
16796
16797
16798
16799
16800
16801
16802
16803
16804
16805
16806
16807
16808
16809
16810
16811
16812
16813
16814
16815
16816
16817
16818
16819
16820
16821
16822
16823
16824
16825
16826
16827
16828
16829
16830
16831
16832
16833
16834
16835
16836
16837
16838
16839
16840
16841
16842
16843
16844
16845
16846
16847
16848
16849
16850
16851
16852
16853
16854
16855
16856
16857
16858
16859
16860
16861
16862
16863
16864
16865
16866
16867
16868
16869
16870
16871
16872
16873
16874
16875
16876
16877
16878
16879
16880
16881
16882
16883
16884
16885
16886
16887
16888
16889
16890
16891
16892
16893
16894
16895
16896
16897
16898
16899
16900
16901
16902
16903
16904
16905
16906
16907
16908
16909
16910
16911
16912
16913
16914
16915
16916
16917
16918
16919
16920
16921
16922
16923
16924
16925
16926
16927
16928
16929
16930
16931
16932
16933
16934
16935
16936
16937
16938
16939
16940
16941
16942
16943
16944
16945
16946
16947
16948
16949
16950
16951
16952
16953
16954
16955
16956
17165
17166
17167
17168
17169
17170
17171
17172
17173
17174
17175
17176
17177
17178
17179
17180
17181
17182
17183
17184
17185
17186
17187
17188
17189
17190
17192
17193
17194
17195
17196
17197
17198
17199
17200
17201
17202
17204
17205
17206
17258
17261
17262
17263
17265
17266
17268
17269
17270
17272
17273
17274
17275
17276
17277
17278
17279
17280
17281
17282
17283
17284
17285
17286
17287
17288
17289
17290
17291
17292
17293
17294
17295
17296
17297
17298
17299
17300
17301
17302
17303
17304
17305
17306
17307
17308
17309
17310
17313
17314
17317
17318
17320
17321
17322
17327
17330
17360
17390
17400
17405
17410
17411
17414
17421
17423
17425
17428
17436
17439
17442
17453
17454
17455
17456
17458
17460
17466
17469
17473
17489
17490
17492
17495
17496
17502
17507
17508
17512
17515
17519
17522
17524
17536
17539
17541
17547
17552
17555
17557
17562
17578
17587
17595
17602
17603
17604
17606
17608
17609
17610
17842
17853
17854
17856
17857
17858
17859
17860
17861
17862
17863
17864
17865
17866
17867
17868
17869
17870
17871
17872
17875
17876
17879
17880
17885
17886
17889
17892
17898
17903
17904
17905
17906
17907
17909
17910
17912
17914
17913
