09023039641
09023072038
09023072226
09023072559
09023072792
09023073396
09023073536
09023073865
09023096482
09023096604
09023097389
09023266398
09023281408
09024217300
09024217466
09024217474
09024217923
09024218361
09024218492
09024218587
09024417041
09024423116
09024441531
09024653076
09024663745
09024668132
09024669269
09026358084
09027401438
09030016331
09030025276
09030027485
09030932117
09030932264
09030937133
09031462441
09031463084
09031463098
09031463376
09031463908
09031464119
09031464123
09031464627
09031465038
09040715514
09043699484
09045344092
09045347004
09045347538
09045347592
09045347896
09048405003
09049642385
09049642612
09049643457
09049643481
09049644459
09053088538
09053287162
09054145203
09055209466
09055221383
09055837207
09055838559
09057587242
09057874401
09057875211
09057876244
09057876313
09058020139
09058021162
09058027153
09058027249
09058031461
09058039388
09058082301
09058083819
09058089634
09058091160
09059957089
09059957551
09059958252
09059959139
09069395602
09069395694
09069396036
09069396475
09069396652
09069397057
09069405499
09069417168
09069417309
09071757363
09071757584
09071757837
09072070737
09072070880
09072070884
09072305197
09072309052
09072309483
09072310271
09072323129
09072327186
09077354349
09077354398
09077356922
09077359101
09077359148
09077359459
09077363487
09080345117
09080345207
09086475086
09086475238
09086482170
09086482661
09086487757
08095628049
