8362,
8513,
21507,
21636,
29633,
29648,
29699,
29744,
29963,
30369,
30493,
30494,
30545,
30559,
30596,
30642,
30662,
30665,
30666,
30676,
30677,
30680,
30684,
30686,
30687,
30689,
30690,
30692,
30693,
30696,
30698,
30699,
30700,
30701,
30702,
30703,
30705,
30706,
30707,
30708,
30709,
30711,
30713,
30714,
30715,
30716,
30717,
30718,
30719,
30720,
30721,
30722,
30723,
30724,
30725,
30726,
30727,
30728,
30729,
30733,
30734,
30735,
30736,
30739,
30742,
30743,
30744,
30746,
30747,
30748,
30749,
30753,
30756,
30764,
30767,
30768,
30770,
30778,
30781,
30992,
30997,
31007,
31009,
31016,
31021,
31022,
31028,
31039,
31047,
31056,
31064,
31085,
31151,
31236,
31266,
31275,
31279,
31296,
31297,
31299,
31307,
31310,
31330,
31352,
31353,
31359,
31367,
31378,
31381,
31387,
31471,
31479,
31481,
31496,
31503,
31507,
31511,
31522,
31531,
31534,
31562,
31563,
31564,
31565,
31571,
31604,
31621,
31631,
31634,
31658,
31660,
31661,
31662,
31665,
31673,
31681,
31687,
31688,
31696,
31702,
31705,
31708,
31719,
31735,
31752,
31763,
31777,
31786,
31787,
31795,
31826,
31827,
31852,
31863,
31868,
31880,
31899,
31904,
31905,
31906,
31907,
31908,
31911,
31912,
31914,
31915,
31916,
31917,
31918,
31919,
31922,
31923,
31924,
31926,
31927,
31928,
31929,
31931,
31933,
31934,
31936,
31938,
31939,
31943,
31945,
31946,
31949,
31950,
31953,
31955,
31957,
31958,
31961,
31963,
31965,
31966,
31967,
31969,
31970,
31971,
31972,
31973,
31974,
31975,
31976,
31978,
31981,
31982,
31983,
31989,
31991,
31992,
31996,
31997,
31998,
31999,
32000,
32001,
32002,
32006,
32008,
32009,
32010,
32014,
32017,
32020,
32021,
32023,
32024,
32026,
32031,
32038,
32048,
32056,
32057,
32059,
32061,
32063,
32068,
32070,
32075,
32078,
32083,
32095,
32099,
32101,
32102,
32105,
32110,
32113,
32117,
32121,
32123,
32128,
32130,
32132,
32133,
32137,
32138,
32141,
32150,
32151,
32152,
32155,
32157,
32159,
32160,
32161,
32162,
32163,
32165,
32167,
32168,
32170,
32173,
32174,
32175,
32176,
32177,
32178,
32179,
32181,
32182,
32183,
32187,
32188,
32189,
32192,
32197,
32202,
32203,
32205,
32206,
32213,
32214,
32215,
32216,
32218,
32225,
32226,
32228,
32229,
32230,
32231,
32232,
32233,
32234,
32235,
32236,
32238,
32239,
32240,
32243,
32245,
32250,
32253,
32256,
32258,
32262,
32263,
32265,
32270,
32273,
32276,
32286,
32288,
32290,
32294,
32295,
32305,
32312,
32316,
32320,
32322,
32326,
32328,
32329,
32330,
32334,
32335,
32337,
32340,
32344,
32346,
32347,
32349,
32355,
32356,
32357,
32362,
32363,
32366,
32367,
32368,
32369,
32373,
32378,
32379,
32380,
32381,
32382,
32384,
32388,
32390,
32394,
32395,
32396,
32397,
32398,
32401,
32402,
32403,
32407,
32408,
32409,
32410,
32412,
32413,
32414,
32415,
32416,
32417,
32418,
32421,
32424,
32427,
32428,
32429,
32430,
32431,
32432,
32435,
32441,
32442,
32444,
32449,
32453,
32454,
32455,
32456,
32460,
32462,
32463,
32464,
32467,
32468,
32469,
32475,
32476,
32477,
32478,
32479,
32482,
32483,
32484,
32486,
32487,
32488,
32490,
32492,
32493,
32498,
32499,
32500,
32501,
32502,
32503,
32505,
32506,
32508,
32510,
32512,
32513,
32514,
32516,
32519,
32520,
32522,
32525,
32528,
32529,
32530,
32531,
32532,
32533,
32534,
32535,
32537,
32538,
32540,
32544,
32545,
32548,
32551,
32552,
32553,
32554,
32557,
32559,
32560,
32561,
32562,
32564,
32565,
32566,
32567,
32568,
32572,
32573,
32574,
32576,
32577,
32578,
32579,
32581,
32583,
32584,
32585,
32587,
32591,
32594,
32595,
32596,
32597,
32601,
32602,
32603,
32604,
32605,
32606,
32607,
32608,
32609,
32610,
32614,
32615,
32619,
32621,
32623,
32625,
32626,
32627,
32628,
32629,
32630,
32633,
32634,
32636,
32637,
32639,
32640,
32641,
32644,
32645,
32646,
32649,
32653,
32654,
32656,
32657,
32658,
32659,
32664,
32665,
32669,
32670,
32671,
32672,
32673,
32674,
32676,
32677,
32678,
32680,
32682,
32684,
32685,
32686,
32687,
32690,
32691,
32693,
32694,
32695,
32697,
32698,
32699,
32701,
32702,
32703,
32708,
32714,
32715,
32719,
32720,
32721,
32728,
32730,
32735,
32738,
32742,
32747,
32751,
32752,
32753,
32755,
32762,
32763,
32766,
32768,
32769,
32770,
32771,
32772,
32773,
32779,
32780,
32781,
32782,
32785,
32786,
32788,
32789,
32790,
32791,
32793,
32801,
32802,
32812,
32813,
32816,
32820,
32821,
32822,
32823,
32827,
32831,
32833,
32835,
32837,
32838,
32843,
32845,
32848,
32849,
32851,
32853,
32854,
32855,
32856,
32857,
32859,
32860,
32862,
32863,
32864,
32865,
32867,
32868,
32870,
32871,
32872,
32873,
32874,
32877,
32878,
32880,
32881,
32882,
32883,
32884,
32886,
32887,
32888,
32889,
32890,
32893,
32894,
32895,
32898,
32899,
32900,
32901,
32903,
32904,
32905,
32906,
32908,
32910,
32911,
32912,
32913,
32914,
32915,
32916,
32918,
32919,
32920,
32921,
32922,
32924,
32926,
32927,
32929,
32930,
32931,
32932,
32933,
32934,
32935,
32936,
32937,
32938,
32939,
32940,
32941,
32942,
32943,
32944,
32945,
32946,
32947,
32948,
32949,
32950,
32951,
32952,
32953,
32954,
32955,
32956,
32958,
32959,
32960,
32962,
32963,
32965,
32967,
32968,
32970,
32971,
32972,
32974,
32975,
32976,
32977,
32979,
32983,
32986,
32987,
32989,
32990,
32991,
32992,
32993,
32994,
32995,
32996,
32997,
32998,
32999,
33000,
33002,
33003,
33004,
33005,
33006,
33007,
33008,
33009,
33010,
33012,
33013,
33014,
33015,
33021,
33026,
33052,
33059,
33060,
33061,
33062,
33063,
33064,
33065,
33066,
33067,
33068,
33069,
33070,
33071,
33072,
33073,
33074,
33076,
33077,
33078,
33079,
33082,
33083,
33085,
33086,
33087,
33090,
33091,
33092,
33093,
33094,
33097,
33098,
33101,
33102,
33104,
33109,
33111,
33112,
33113,
33114,
33116,
33117,
33118,
33119,
33122,
33123,
33124,
33126,
33131,
33134,
33136,
33140,
33143,
33148,
33149,
33152,
33153,
33154,
33155,
33158,
33159,
33163,
33165,
33166,
33168,
33169,
33170,
33172,
33173,
33175,
33176,
33177,
33178,
33184,
33189,
33191,
33194,
33195,
33196,
33197,
33200,
33201,
33202,
33203,
33205,
33207,
33208,
33209,
33211,
33212,
33215,
33216,
33219,
33220,
33221,
33223,
33224,
33225,
33226,
33227,
33229,
33230,
33231,
33232,
33233,
33234,
33237,
33238,
33239,
33241,
33242,
33244,
33245,
33248,
33249,
33250,
33251,
33253,
33254,
33255,
33256,
33257,
33260,
33261,
33263,
33266,
33267,
33268,
33272,
33273,
33291,
33296,
33324,
33325,
33328,
33330,
33332,
33334,
33335,
33336,
33343,
33344,
33347,
33350,
33352,
33353,
33355,
33357,
33363,
33366,
33367,
33368,
33370,
33373,
33374,
33375,
33377,
33379,
33381,
33382,
33384,
33386,
33388,
33389,
33390,
33391,
33393,
33394,
33395,
33397,
33398,
33400,
33401,
33403,
33405,
33406,
33407,
33410,
33412,
33413,
33418,
33420,
33421,
33423,
33424,
33425,
33426,
33427,
33429,
33430,
33433,
33434,
33435,
33436,
33437,
33439,
33442,
33447,
33449,
33454,
33455,
33465,
33471,
33472,
33495,
33496,
33500,
33502,
33513,
33518,
33523,
33527,
33530,
33544,
33545,
33546,
33548,
33552,
33568,
33573,
33579,
33586,
33590,
33592,
33601,
33604,
33605,
33622,
33644,
33669,
33670,
33675,
33677,
33680,
33681,
33703,
33706,
33715,
33740,
33741,
33752,
33753,
33765,
33766,
33773,
33776,
33784,
33786,
33793,
33798,
33800,
33801,
33807,
33808,
33809,
33812,
33813,
33814,
33815,
33819,
33824,
33834,
33836,
33839,
33845,
33848,
33852,
33854,
33855,
33872,
33878,
33879,
33885,
33887,
33891,
33892,
33893,
33897,
33900,
33904,
33907,
33911,
33914,
33915,
33916,
33919,
33920,
33922,
33923,
33924,
33926,
33927,
33928,
33929,
33932,
33933,
33935,
33936,
33937,
33941,
33942,
33948,
33953,
33955,
33956,
33957,
33959,
33964,
33965,
33966,
33968,
33969,
33970,
33974,
33976,
33979,
33980,
33981,
33982,
33985,
33987,
33988,
33990,
33992,
33996,
33997,
33998,
33999,
34002,
34003,
34006,
34007,
34008,
34009,
34011,
34012,
34013,
34014,
34019,
34022,
34024,
34025,
34026,
34029,
34031,
34032,
34034,
34036,
34037,
34041,
34044,
34045,
34049,
34051,
34054,
34055,
34056,
34058,
34059,
34060,
34062,
34064,
34066,
34070,
34071,
34072,
34074,
34076,
34079,
34080,
34082,
34084,
34086,
34087,
34090,
34091,
34094,
34096,
34097,
34099,
34102,
34103,
34107,
34109,
34111,
34112,
34115,
34118,
34120,
34126,
34127,
34132,
34133,
34136,
34137,
34138,
34139,
34141,
34144,
34145,
34148,
34149,
34152,
34155,
34160,
34161,
34162,
34163,
34167,
34168,
34172,
34176,
34178,
34179,
34180,
34181,
34184,
34186,
34187,
34188,
34192,
34195,
34196,
34197,
34198,
34202,
34203,
34204,
34208,
34210,
34211,
34215,
34217,
34220,
34225,
34226,
34235,
34238,
34240,
34247,
34255,
34259,
34260,
34261,
34262,
34263,
34266,
34270,
34276,
34282,
34290,
34298,
34299,
34302,
34305,
34309,
34315,
34324,
34335,
34336,
34340,
34341,
34342,
34343,
34375,
34376,
34377,
34380,
34383,
34384,
34385,
34386,
34388,
34390,
34391,
34394,
34397,
34398,
34401,
34405,
34409,
34411,
34412,
34414,
34415,
34416,
34417,
34419,
34420,
34421,
34422,
34424,
34426,
34427,
34429,
34430,
34431,
34432,
34433,
34434,
34435,
34439,
34440,
34441,
34442,
34443,
34444,
34448,
34450,
34451,
34452,
34453,
34454,
34455,
34457,
34458,
34461,
34462,
34464,
34465,
34466,
34469,
34470,
34471,
34473,
34475,
34476,
34479,
34480,
34481,
34483,
34484,
34486,
34488,
34490,
34491,
34492,
34493,
34496,
34497,
34498,
34499,
34503,
34504,
34506,
34509,
34510,
34511,
34514,
34515,
34516,
34517,
34520,
34521,
34522,
34526,
34527,
34528,
34529,
34530,
34531,
34534,
34535,
34536,
34538,
34541,
34542,
34544,
34545,
34546,
34547,
34550,
34551,
34552,
34557,
34560,
34562,
34563,
34564,
34566,
34568,
34569,
34570,
34571,
34574,
34575,
34576,
34577,
34580,
34581,
34582,
34583,
34586,
34587,
34588,
34589,
34590,
34592,
34593,
34596,
34598,
34599,
34601,
34603,
34606,
34607,
34609,
34610,
34611,
34612,
34614,
34616,
34618,
34619,
34621,
34623,
34625,
34626,
34627,
34628,
34629,
34630,
34631,
34632,
34633,
34634,
34636,
34638,
34639,
34643,
34645,
34646,
34649,
34652,
34653,
34656,
34657,
34658,
34659,
34660,
34662,
34663,
34664,
34665,
34666,
34667,
34671,
34672,
34673,
34674,
34675,
34676,
34677,
34682,
34684,
34686,
34687,
34688,
34689,
34690,
34693,
34694,
34695,
34696,
34697,
34698,
34700,
34701,
34702,
34705,
34707,
34708,
34709,
34711,
34713,
34714,
34717,
34718,
34719,
34720,
34721,
34744,
34747,
34752,
34757,
34763,
34764,
34768,
34771,
34772,
34773,
34774,
34775,
34776,
34777,
34780,
34785,
34787,
34788,
34789,
34791,
34795,
34796,
34798,
34799,
34801,
34808,
34809,
34811,
34813,
34814,
34815,
34816,
34818,
34819,
34820,
34822,
34823,
34824,
34825,
34826,
34827,
34828,
34829,
34831,
34832,
34833,
34835,
34836,
34839,
34840,
34841,
34843,
34844,
34850,
34851,
34853,
34854,
34855,
34856,
34859,
34860,
34863,
34864,
34867,
34868,
34869,
34870,
34871,
34873,
34875,
34879,
34881,
34883,
34885,
34886,
34887,
34888,
34889,
34890,
34893,
34894,
34895,
34898,
34899,
34900,
34902,
34904,
34905,
34906,
34907,
34910,
34911,
34912,
34914,
34916,
34917,
34918,
34919,
34921,
34923,
34924,
34925,
34928,
34929,
34930,
34931,
34936,
34940,
34941,
34942,
34943,
34946,
34947,
34948,
34949,
34952,
34953,
34954,
34955,
34958,
34959,
34960,
34961,
34964,
34965,
34966,
34967,
34971,
34972,
34973,
34976,
34977,
34978,
34979,
34981,
34983,
34984,
34986,
34988,
34989,
34990,
34991,
34994,
34995,
34996,
34997,
35000,
35001,
35002,
35003,
35006,
35007,
35008,
35009,
35012,
35013,
35014,
35015,
35021,
35022,
35025,
35026,
35027,
35030,
35031,
35033,
35034,
35054,
35055,
35056,
35057,
35058,
35059,
35060,
35061,
35062,
35064,
35065,
35069,
35070,
35073,
35074,
35075,
35076,
35077,
35078,
35079,
35080,
35081,
35084,
35085,
35086,
35087,
35090,
35091,
35092,
35094,
35095,
35097,
35098,
35099,
35101,
35102,
35104,
35105,
35106,
35108,
35110,
35111,
35113,
35115,
35116,
35117,
35121,
35122,
35123,
35126,
35127,
35129,
35132,
35133,
35134,
35137,
35138,
35139,
35140,
35141,
35143,
35145,
35146,
35147,
35150,
35151,
35153,
35156,
35160,
35161,
35163,
35164,
35165,
35168,
35169,
35171,
35174,
35175,
35176,
35177,
35180,
35181,
35182,
35183,
35186,
35187,
35188,
35189,
35194,
35195,
35198,
35201,
35202,
35204,
35205,
35206,
35207,
35212,
35213,
35216,
35217,
35218,
35219,
35222,
35223,
35225,
35228,
35230,
35232,
35235,
35236,
35237,
35240,
35242,
35243,
35245,
35246,
35248,
35249,
35250,
35252,
35253,
35254,
35255,
35257,
35259,
35260,
35264,
35266,
35267,
35270,
35271,
35272,
35273,
35275,
35278,
35279,
35282,
35283,
35285,
35286,
35287,
35290,
35291,
35292,
35294,
35295,
35296,
35297,
35300,
35301,
35302,
35305,
35306,
35309,
35311,
35312,
35313,
35315,
35316,
35317,
35324,
35325,
35326,
35327,
35328,
35329,
35331,
35332,
35333,
35334,
35337,
35338,
35340,
35343,
35344,
35350,
35351,
35354,
35355,
35356,
35357,
35358,
35361,
35362,
35363,
35365,
35366,
35367,
35370,
35371,
35373,
35377,
35378,
35379,
35380,
35382,
35383,
35385,
35386,
35387,
35389,
35390,
35391,
35393,
35398,
35399,
35401,
35402,
35404,
35405,
35410,
35412,
35414,
35415,
35416,
35417,
35422,
35429,
35430,
35431,
35435,
35443,
35445,
35447,
35449,
35458,
35459,
35461,
35462,
35464,
35469,
35495,
35501,
35502,
35503,
35504,
35505,
35506,
35507,
35511,
35514,
35515,
35517,
35522,
35523,
35525,
35527,
35529,
35531,
35533,
35534,
35535,
35537,
35544,
35545,
35546,
35547,
35550,
35552,
35554,
35555,
35556,
35557,
35559,
35560,
35563,
35564,
35566,
35567,
35568,
35569,
35572,
35573,
35575,
35576,
35577,
35579,
35580,
35581,
35584,
35585,
35587,
35589,
35590,
35591,
35592,
35593,
35595,
35596,
35597,
35598,
35599,
35603,
35604,
35605,
35609,
35610,
35615,
35618,
35619,
35621,
35624,
35625,
35628,
35637,
35638,
35639,
35641,
35643,
35645,
35646,
35647,
35648,
35649,
35653,
35654,
35655,
35657,
35659,
35664,
35665,
35666,
35667,
35668,
35671,
35674,
35675,
35676,
35678,
35681,
35682,
35684,
35685,
35686,
35687,
35689,
35690,
35691,
35692,
35694,
35695,
35697,
35698,
35701,
35702,
35706,
35710,
35717,
35718,
35719,
35721,
35722,
35723,
35724,
35725,
35726,
35733,
35734,
35735,
35736,
35738,
35739,
35740,
35744,
35746,
35747,
35748,
35750,
35752,
35753,
35757,
35758,
35759,
35761,
35763,
35764,
35769,
35770,
35771,
35775,
35776,
35777,
35780,
35781,
35783,
35787,
35792,
35800,
35805,
35813,
35819,
35823,
35828,
35831,
35835,
35839,
35844,
35847,
35848,
35854,
35857,
35858,
35859,
35861,
35864,
35871,
35875,
35878,
35881,
35886,
35887,
35889,
35890,
35892,
35894,
35895,
35897,
35898,
35900,
35907,
35909,
35914,
35919,
35920,
35924,
35932,
35935,
35936,
35940,
35944,
35947,
35950,
35952,
35953,
35955,
35956,
35957,
35960,
35961,
35962,
35968,
35970,
35973,
35974,
35977,
35980,
35981,
35985,
35987,
35988,
35989,
35992,
35994,
35995,
35996,
35997,
36000,
36001,
36004,
36005,
36007,
36008,
36009,
36011,
36014,
36015,
36016,
36017,
36020,
36022,
36023,
36027,
36028,
36029,
36034,
36036,
36038,
36041,
36042,
36044,
36051,
36052,
36053,
36056,
36057,
36058,
36060,
36062,
36064,
36066,
36070,
36074,
36076,
36077,
36080,
36081,
36083,
36085,
36089,
36090,
36093,
36098,
36101,
36102,
36104,
36106,
36108,
36110,
36111,
36112,
36113,
36116,
36117,
36119,
36122,
36123,
36124,
36125,
36128,
36130,
36131,
36134,
36135,
36138,
36141,
36142,
36146,
36147,
36148,
36149,
36158,
36161,
36166,
36169,
36174,
36178,
36182,
36183,
36188,
36189,
36191,
36197,
36198,
36201,
36205,
36210,
36216,
36217,
36221,
36225,
36229,
36232,
36234,
36236,
36242,
36249,
36250,
36251,
36255,
36256,
36262,
36266,
36267,
36270,
36274,
36280,
36281,
36284,
36287,
36293,
36296,
36297,
36299,
36305,
36309,
36317,
36326,
36327,
36333,
36334,
36335,
36338,
36359,
36362,
36363,
36372,
36382,
36387,
36391,
36394,
36395,
36398,
36401,
36404,
36405,
36406,
36409,
36410,
36411,
36413,
36414,
36416,
36417,
36418,
36421,
36422,
36424,
36425,
36432,
36433,
36435,
36437,
36438,
36441,
36446,
36447,
36448,
36450,
36452,
36453,
36455,
36458,
36459,
36460,
36461,
36464,
36465,
36466,
36469,
36470,
36471,
36472,
36473,
36476,
36477,
36479,
36481,
36483,
36484,
36485,
36488,
36489,
36490,
36493,
36496,
36497,
36500,
36501,
36502,
36503,
36507,
36508,
36509,
36512,
36513,
36515,
36518,
36519,
36520,
36522,
36523,
36528,
36529,
36530,
36532,
36533,
36535,
36537,
36538,
36539,
36542,
36543,
36544,
36545,
36550,
36552,
36554,
36555,
36556,
36557,
36559,
36562,
36564,
36566,
36567,
36568,
36570,
36571,
36573,
36574,
36577,
36579,
36580,
36581,
36584,
36585,
36586,
36588,
36589,
36590,
36591,
36594,
36595,
36596,
36599,
36600,
36601,
36604,
36608,
36609,
36610,
36611,
36612,
36615,
36618,
36619,
36622,
36623,
36626,
36629,
36630,
36631,
36633,
36635,
36637,
36641,
36642,
36644,
36645,
36646,
36648,
36650,
36652,
36653,
36656,
36658,
36659,
36662,
36663,
36664,
36665,
36668,
36669,
36670,
36673,
36676,
36678,
36680,
36682,
36684,
36686,
36689,
36692,
36695,
36697,
36698,
36700,
36701,
36703,
36704,
36708,
36709,
36710,
36712,
36715,
36716,
36718,
36721,
36722,
36723,
36724,
36725,
36726,
36727,
36728,
36730,
36731,
36732,
36733,
36735,
36739,
36744,
36745,
36747,
36749,
36750,
36751,
36754,
36756,
36758,
36762,
36763,
36764,
36766,
36767,
36768,
36769,
36771,
36772,
36775,
36777,
36779,
36780,
36783,
36785,
36788,
36790,
36792,
36793,
36794,
36797,
36798,
36799,
36801,
36803,
36814,
36815,
36818,
36820,
36824,
36826,
36827,
36830,
36831,
36836,
36838,
36839,
36842,
36843,
36845,
36848,
36849,
36851,
36854,
36855,
36856,
36857,
36859,
36863,
36864,
36866,
36868,
36870,
36871,
36873,
36875,
36878,
36879,
36880,
36884,
36885,
36887,
36891,
36892,
36894,
36897,
36898,
36900,
36901,
36902,
36905,
36906,
36908,
36910,
36912,
36913,
36914,
36916,
36918,
36919,
36923,
36925,
36929,
36930,
36932,
36933,
36934,
36935,
36937,
36938,
36941,
36944,
36946,
36948,
36949,
36950,
36952,
36953,
36956,
36957,
36962,
36963,
36964,
36968,
36970,
36972,
36974,
36975,
36977,
36981,
36982,
36987,
36988,
36991,
36993,
36998,
36999,
37001,
37003,
37005,
37006,
37008,
37010,
37011,
37012,
37015,
37017,
37018,
37020,
37022,
37023,
37029,
37030,
37031,
37032,
37033,
37041,
37045,
37046,
37048,
37051,
37052,
37055,
37056,
37057,
37062,
37063,
37066,
37067,
37070,
37072,
37076,
37077,
37079,
37084,
37085,
37087,
37088,
37092,
37093,
37094,
37095,
37096,
37100,
37102,
37103,
37104,
37108,
37111,
37113,
37114,
37116,
37118,
37119,
37122,
37123,
37126,
37129,
37130,
37136,
37137,
37138,
37142,
37143,
37145,
37149,
37150,
37154,
37155,
37156,
37160,
37162,
37163,
37165,
37168,
37169,
37173,
37175,
37177,
37178,
37179,
37182,
37186,
37187,
37190,
37191,
37192,
37193,
37196,
37197,
37198,
37202,
37204,
37207,
37211,
37214,
37216,
37220,
37222,
37223,
37226,
37232,
37234,
37239,
37240,
37241,
37245,
37246,
37251,
37252,
37254,
37271,
37274,
37281,
37282,
37286,
37287,
37288,
37292,
37294,
37298,
37299,
37300,
37305,
37307,
37308,
37309,
37311,
37312,
37316,
37318,
37319,
37322,
37324,
37328,
37330,
37334,
37336,
37340,
37342,
37346,
37352,
37358,
37360,
37361,
37364,
37366,
37367,
37370,
37372,
37375,
37383,
37387,
37391,
37394,
37395,
37397,
37399,
37406,
37407,
37408,
37414,
37417,
37419,
37424,
37426,
37430,
37431,
37436,
37439,
37440,
37441,
37443,
37444,
37448,
37451,
37452,
37455,
37457,
37462,
37465,
37466,
37468,
37471,
37474,
37476,
37478,
37485,
37486,
37489,
37492,
37496,
37497,
37498,
37499,
37500,
37506,
37509,
37511,
37514,
37517,
37521,
37522,
37523,
37526,
37527,
37531,
37534,
37540,
37545,
37548,
37551,
37556,
37557,
37561,
37562,
37564,
37566,
37568,
37569,
37570,
37573,
37575,
37576,
37580,
37581,
37583,
37587,
37588,
37589,
37592,
37593,
37594,
37595,
37598,
37601,
37604,
37606,
37607,
37610,
37611,
37612,
37613,
37616,
37618,
37620,
37622,
37624,
37625,
37627,
37628,
37630,
37635,
37636,
37638,
37640,
37642,
37645,
37648,
37649,
37652,
37653,
37656,
37657,
37660,
37665,
37666,
37670,
37676,
37679,
37685,
37691,
37694,
37705,
37706,
37708,
37711,
37715,
37719,
37720,
37723,
37727,
37730,
37731,
37733,
37736,
37737,
37740,
37749,
37750,
37751,
37755,
37759,
37761,
37767,
37768,
37775,
37778,
37780,
37781,
37785,
37786,
37792,
37793,
37796,
37797,
37805,
37806,
37809,
37810,
37811,
37813,
37815,
37816,
37820,
37821,
37826,
37828,
37829,
37832,
37833,
37840,
37844,
37845,
37848,
37850,
37856,
37858,
37863,
37869,
37870,
37874,
37882,
37883,
37885,
37888,
37893,
37901,
37902,
37904,
37910,
37917,
37918,
37920,
37922,
37923,
37926,
37928,
37930,
37933,
37936,
37940,
37942,
37948,
37954,
37957,
37959,
37960,
37965,
37967,
37971,
37973,
37976,
37978,
37981,
37983,
37985,
37988,
37990,
37995,
37996,
37997,
38000,
38002,
38006,
38012,
38020,
38026,
38031,
38033,
38038,
38042,
38043,
38054,
38056,
38061,
38066,
38069,
38078,
38081,
38085,
38094,
38135,
38150,
38153,
38164,
38173,
38177,
38183,
38185,
38188,
38194,
38198,
38200,
38201,
38212,
38216,
38221,
38222,
38224,
38225,
38226,
38232,
38234,
38245,
38246,
38248,
38249,
38253,
38254,
38256,
38257,
38261,
38262,
38263,
38264,
38265,
38268,
38274,
38276,
38283,
38285,
38293,
38296,
38298,
38314,
38315,
38317,
38354,
38357,
38362,
38368,
38370,
38374,
38377,
38379,
38381,
38386,
38389,
38391,
38399,
38402,
38410,
38412,
38414,
38416,
38417,
38418,
38422,
38426,
38427,
38428,
38432,
38440,
38443,
38445,
38446,
38455,
38464,
38465,
38468,
38475,
38477,
38481,
38484,
38499,
38506,
38507,
38512,
38518,
38525,
38530,
38536,
38540,
38543,
38547,
38548,
38553,
38554,
38555,
38560,
38561,
38566,
38570,
38578,
38579,
38582,
38584,
38589,
38594,
38596,
38600,
38601,
38608,
38609,
38626,
38631,
38636,
38642,
38648,
38655,
38662,
38671,
38675,
38687,
38691,
38694,
38698,
38702,
38705,
38708,
38714,
38773,
38786,
38790,
38805,
38806,
38829,
38923,
38934,
38952,
38964,
38973,
38976,
38983,
39001,
39004,
39010,
39026,
39054,
39072,
39083
