4323
5011
4682
5112
4850
5187
5217
5189
2096
4419
5118
5111
5205
2097
4260
4955
5220
5202
5119
4863
4272
5117
5053
5012
4267
5218
4833
5195
5221
5186
4852
5188
5241
5017
4261
4488
4428
5110
5215
5032
4836
5194
5239
4832
4828
5226
4827
4953
4398
5197
4854
5124
4860
4846
4853
4855
4211
5199
5116
4823
5196
4858
4274
4290
4847
5238
4202
5030
5243
4291
5244
4824
5081
4838
4288
5224
5242
5245
5198
4859
5240
5222
4851
4259
4869
5206
2098
2083
5152
4430
4862
5113
4895
4328
4826
5157
4507
4309
5200
4841
4720
5064
5101
5193
4830
4271
5204
4848
4857
5025
4770
4843
4751
4947
4795
5097
4914
5099
5210
4922
5023
5237
4783
4454
4969
4944
5083
5045
4552
4965
4746
4314
4434
4785
4224
4865
4985
4553
4501
4940
4932
2066
5192
4956
5129
4782
5100
4545
4781
4973
4491
5211
4762
4871
5043
4474
4738
5106
4789
4417
4958
4255
5044
4487
4755
5049
4533
4699
4884
4547
4804
2735
4449
4244
4420
2070
4327
4544
5061
4554
4892
2069
4920
5164
5233
4813
5115
4845
5108
4249
4472
4774
5131
5035
4396
4548
4966
4349
4790
4879
4433
4842
4415
4810
4930
4456
4743
5159
4906
4535
5236
4756
4812
4296
4466
4913
4264
4780
4506
5103
4558
4787
4962
4784
5190
5089
4292
4788
4873
4864
4938
4886
4883
4874
4532
5191
4555
4890
4232
4505
5109
4776
5091
4565
4934
4933
4777
2321
4769
2370
5162
5047
4923
5026
4706
5229
4499
4530
4844
5062
4959
4917
4486
4887
4494
5014
5092
5098
4453
4427
2067
5037
4758
5105
4659
4942
5201
4664
4926
4461
5018
5007
5160
5122
4660
5139
4744
4750
4837
4464
5231
4269
4799
5005
4470
4801
4490
4479
4868
4997
5077
4839
5088
4802
4697
4793
4321
5230
4754
5234
5104
4240
4894
5114
4791
4312
5232
2060
4952
4976
4815
5060
5209
4459
2305
4564
5095
4773
2306
4257
5212
4792
4561
4921
4765
4761
4975
4331
4800
5135
4994
4961
4759
4972
4778
5033
2260
4560
4880
4970
5096
4805
4192
4882
4563
5002
4772
4766
4458
4878
5090
4492
4475
5107
4469
4817
4446
4239
4768
2323
2335
5041
4421
4504
5155
5235
4964
4757
4992
4924
4875
4503
4954
4877
4418
4794
4814
4760
5134
5087
5080
4541
4539
4806
4662
5207
4543
4763
2059
4885
4298
5094
5133
5163
4463
5203
4056
2068
5208
2058
5004
5102
4740
5065
4816
4556
4928
4957
4753
4786
4747
4542
4042
5120
4416
2348
2384
2078
2508
3278
2364
3255
4385
3600
2480
2259
2216
3163
2239
2574
3330
2612
2488
4408
3280
2255
2313
2084
2050
2242
4324
2111
4457
2489
4621
2492
3343
2088
2053
4388
1141
2485
3089
3344
4646
4636
840
2254
3382
4480
2352
2369
4460
920
2285
909
826
2110
912
1493
1490
1509
1563
971
1121
937
1115
1609
1463
1471
1989
965
2025
1107
1729
1473
1094
2043
1528
2044
1522
1464
1448
1527
3424
3323
1135
3312
4325
3174
3164
2310
2089
660
2532
3166
2823
2294
2303
2298
913
2331
2079
4478
2345
2356
2513
2380
2583
2277
2342
3340
2824
4445
2453
4540
3591
4473
4404
3461
2359
1136
2238
916
2288
3244
2842
3168
2739
2511
3438
3160
4465
2338
3233
2292
1500
1494
1996
1487
1470
1106
972
2042
2024
964
950
2023
940
1104
1132
2040
2033
1080
1084
2011
1461
2008
1086
1118
1524
2632
4626
3598
3242
4639
2366
3574
4395
1145
1139
2481
4390
4399
2436
2732
3247
3611
2825
2514
1339
2473
4411
3243
2365
1798
3327
2367
2560
2580
2747
3250
2286
2433
2265
4642
2332
4391
2235
4389
3313
4617
2307
4620
4402
3310
2833
2500
2731
2271
2209
2349
836
2490
830
2357
2606
2320
1513
2045
1730
1502
975
2035
963
1119
1079
1497
1514
1529
962
1126
1492
942
1117
1096
1109
1985
2014
2002
1116
2022
666
2256
2543
3553
3246
2168
2179
2302
3572
2072
2237
4632
2593
3094
2831
2557
919
3181
4615
4643
2478
2526
2343
3411
2297
3311
893
2368
2076
1140
2631
2923
1137
4566
2510
4819
2296
2086
3570
907
4637
2575
4619
4444
4627
4640
2051
3409
2477
2054
4559
2309
2353
2571
3090
1151
4397
2077
3610
2074
2341
4645
2522
3159
4628
4638
1142
3590
1681
1449
1505
1496
1518
1113
1486
1577
951
1506
1516
1076
958
1090
1478
1455
1476
1114
1098
1515
2019
2017
955
1100
5249
2562
3609
3183
2346
3577
2381
2506
2656
4484
2834
2325
2173
2329
3331
4557
2085
4258
4471
2363
1148
3184
3391
1147
4622
2312
2655
2234
3569
3179
1795
2476
3442
2745
3421
4614
4647
2482
4644
2087
2295
3383
2484
3328
3178
4252
3563
2354
2289
2828
2748
898
2075
2052
3559
2347
4384
3324
2829
2360
1146
4618
2520
1451
1511
1466
1488
1530
1525
1567
1456
1984
1485
1520
956
1467
1465
1459
939
959
1103
1693
2041
1077
1101
1993
970
1122
5248
2351
4254
2595
2337
2221
5063
3170
2830
2361
4412
2742
2339
2318
2358
4546
3555
2287
4623
2501
4631
4551
2517
2577
2350
2280
2542
2573
2539
2843
4482
3281
2533
910
2301
2666
3337
2524
4406
3509
2322
4624
2333
2744
1143
4562
902
2841
2529
4256
2502
4247
2261
3277
2495
1468
1499
973
1491
969
1508
960
1489
1112
1526
2029
1517
1475
1481
1082
1469
941
1108
1111
1581
974
798
1450
961
1483
5250
2746
2840
2579
2080
2546
2497
2071
2319
2738
2452
2344
2741
2316
3249
894
3172
2479
918
3092
2839
4250
2608
897
2750
4641
2530
4393
3607
2311
3592
1150
2572
3565
3493
4462
2528
3273
1138
2733
3189
2355
2258
3558
3152
3241
2743
2570
3571
2299
891
3388
2315
2487
1801
2204
2375
4625
1495
1446
1510
1482
1453
1454
934
1102
1087
1498
1991
1458
1081
1507
2032
957
1472
1484
1110
2047
967
1959
1447
2026
1479
4630
915
2257
2486
904
2604
4387
659
2300
2475
4633
2049
2432
3568
3549
4447
1739
2182
4634
822
2334
2291
4616
2317
4629
2194
905
2195
2308
4635
2236
3414
4820
2474
4451
4455
3597
2385
2362
4326
2534
4386
3602
2283
2304
3435
4443
2276
4329
2734
3279
3479
2835
4613
4476
2753
2836
2434
3254
4468
2371
2737
1144
4409
2073
3608
2232
2483
2569
1504
1480
1462
1501
1078
1503
1452
2020
1105
1523
966
2030
1460
1457
1120
2004
1474
1095
1085
1477
2039
1521
1519
968
1512
